Корни:
x[0] = -0.609814
x[1] = -0.023099
x[2] = -0.578502
x[3] = -0.578501
x[4] = 10.421500
x[5] = -0.578499
x[6] = -0.578498
x[7] = -0.689609
x[8] = -0.578498
x[9] = 0.304907
Количество итераций: 14
